[gd_scene load_steps=8 format=3 uid="uid://ufyeiehu7fvo"]

[ext_resource type="Script" path="res://scripts/maze.gd" id="1_4yjs1"]
[ext_resource type="PackedScene" uid="uid://3bwmnn051wb6" path="res://scenes/map/maze_walls.tscn" id="1_pqefm"]
[ext_resource type="Material" uid="uid://bxaxkbjde4qwd" path="res://materials/dirt.material" id="2_ciq6w"]
[ext_resource type="Material" uid="uid://d2xrc0pd2e261" path="res://materials/forest_inner.material" id="3_g4vep"]

[sub_resource type="CylinderMesh" id="CylinderMesh_m1lp1"]
top_radius = 47.0
bottom_radius = 47.0
height = 1.0

[sub_resource type="ConvexPolygonShape3D" id="ConvexPolygonShape3D_ay6jt"]
points = PackedVector3Array(0, -0.5, -47, -4.60983, -0.5, -46.7792, 0, 0.5, -47, 4.60062, -0.5, -46.7792, -4.60983, 0.5, -46.7792, -9.17365, -0.5, -46.0983, 4.60062, 0.5, -46.7792, 9.16445, -0.5, -46.0983, -9.17365, 0.5, -46.0983, -13.6455, -0.5, -44.9849, 9.16445, 0.5, -46.0983, 13.6363, -0.5, -44.9849, -13.6455, 0.5, -44.9849, -17.9884, -0.5, -43.4299, 13.6363, 0.5, -44.9849, 17.9792, -0.5, -43.4299, -17.9884, 0.5, -43.4299, -22.1566, -0.5, -41.4516, 17.9792, 0.5, -43.4299, 22.1474, -0.5, -41.4516, -22.1566, 0.5, -41.4516, -26.1132, -0.5, -39.0869, 22.1474, 0.5, -41.4516, 26.104, -0.5, -39.0869, -26.1132, 0.5, -39.0869, -29.8213, -0.5, -36.3357, 26.104, 0.5, -39.0869, 29.8121, -0.5, -36.3357, -29.8213, 0.5, -36.3357, -33.2349, -0.5, -33.2349, 29.8121, 0.5, -36.3357, 33.2257, -0.5, -33.2349, -33.2349, 0.5, -33.2349, -36.3357, -0.5, -29.8213, 33.2257, 0.5, -33.2349, 36.3265, -0.5, -29.8213, -36.3357, 0.5, -29.8213, -39.0869, -0.5, -26.1132, 36.3265, 0.5, -29.8213, 39.0777, -0.5, -26.1132, -39.0869, 0.5, -26.1132, -41.4516, -0.5, -22.1566, 39.0777, 0.5, -26.1132, 41.4424, -0.5, -22.1566, -41.4516, 0.5, -22.1566, -43.4299, -0.5, -17.9884, 41.4424, 0.5, -22.1566, 43.4207, -0.5, -17.9884, -43.4299, 0.5, -17.9884, -44.9849, -0.5, -13.6455, 43.4207, 0.5, -17.9884, 44.9757, -0.5, -13.6455, -44.9849, 0.5, -13.6455, -46.0983, -0.5, -9.17365, 44.9757, 0.5, -13.6455, 46.0891, -0.5, -9.17365, -46.0983, 0.5, -9.17365, -46.7792, -0.5, -4.60983, 46.0891, 0.5, -9.17365, 46.77, -0.5, -4.60983, -46.7792, 0.5, -4.60983, -47, -0.5, 0, 46.77, 0.5, -4.60983, 47, -0.5, 0, -47, 0.5, 0, -46.7792, -0.5, 4.60062, 47, 0.5, 0, 46.77, -0.5, 4.60062, -46.7792, 0.5, 4.60062, -46.0983, -0.5, 9.16445, 46.77, 0.5, 4.60062, 46.0891, -0.5, 9.16445, -46.0983, 0.5, 9.16445, -44.9849, -0.5, 13.6363, 46.0891, 0.5, 9.16445, 44.9757, -0.5, 13.6363, -44.9849, 0.5, 13.6363, -43.4299, -0.5, 17.9792, 44.9757, 0.5, 13.6363, 43.4207, -0.5, 17.9792, -43.4299, 0.5, 17.9792, -41.4516, -0.5, 22.1474, 43.4207, 0.5, 17.9792, 41.4424, -0.5, 22.1474, -41.4516, 0.5, 22.1474, -39.0869, -0.5, 26.104, 41.4424, 0.5, 22.1474, 39.0777, -0.5, 26.104, -39.0869, 0.5, 26.104, -36.3357, -0.5, 29.8121, 39.0777, 0.5, 26.104, 36.3265, -0.5, 29.8121, -36.3357, 0.5, 29.8121, -33.2349, -0.5, 33.2257, 36.3265, 0.5, 29.8121, 33.2257, -0.5, 33.2257, -33.2349, 0.5, 33.2257, -29.8213, -0.5, 36.3265, 33.2257, 0.5, 33.2257, 29.8121, -0.5, 36.3265, -29.8213, 0.5, 36.3265, -26.1132, -0.5, 39.0777, 29.8121, 0.5, 36.3265, 26.104, -0.5, 39.0777, -26.1132, 0.5, 39.0777, -22.1566, -0.5, 41.4424, 26.104, 0.5, 39.0777, 22.1474, -0.5, 41.4424, -22.1566, 0.5, 41.4424, -17.9884, -0.5, 43.4207, 22.1474, 0.5, 41.4424, 17.9792, -0.5, 43.4207, -17.9884, 0.5, 43.4207, -13.6455, -0.5, 44.9757, 17.9792, 0.5, 43.4207, 13.6363, -0.5, 44.9757, -13.6455, 0.5, 44.9757, -9.17365, -0.5, 46.0891, 13.6363, 0.5, 44.9757, 9.16445, -0.5, 46.0891, -9.17365, 0.5, 46.0891, -4.60983, -0.5, 46.77, 9.16445, 0.5, 46.0891, 4.60062, -0.5, 46.77, -4.60983, 0.5, 46.77, 0, -0.5, 47, 4.60062, 0.5, 46.77, 0, 0.5, 47)

[sub_resource type="QuadMesh" id="QuadMesh_edt5q"]
size = Vector2(31.43, 6.6)

[node name="Maze" type="Node3D"]
script = ExtResource("1_4yjs1")

[node name="maze_walls" parent="." instance=ExtResource("1_pqefm")]

[node name="MeshInstance3D" type="MeshInstance3D" parent="."]
transform = Transform3D(1, 0, 0, 0, 1, 0, 0, 0, 1, 0, -0.5, 0)
mesh = SubResource("CylinderMesh_m1lp1")
surface_material_override/0 = ExtResource("2_ciq6w")

[node name="StaticBody3D" type="StaticBody3D" parent="MeshInstance3D"]

[node name="CollisionShape3D" type="CollisionShape3D" parent="MeshInstance3D/StaticBody3D"]
shape = SubResource("ConvexPolygonShape3D_ay6jt")

[node name="Forest" type="MeshInstance3D" parent="."]
transform = Transform3D(0.899657, 0, 0.436598, 0, 1, 0, -0.436598, 0, 0.899657, -20.5593, 3.26456, -42.9141)
mesh = SubResource("QuadMesh_edt5q")
surface_material_override/0 = ExtResource("3_g4vep")

[node name="Forest2" type="MeshInstance3D" parent="."]
transform = Transform3D(0.525962, 0, 0.850508, 0, 1, 0, -0.850508, 0, 0.525962, -40.647, 3.26456, -24.4978)
mesh = SubResource("QuadMesh_edt5q")
surface_material_override/0 = ExtResource("3_g4vep")

[node name="Forest3" type="MeshInstance3D" parent="."]
transform = Transform3D(-0.501314, 0, 0.865265, 0, 1, 0, -0.865265, 0, -0.501314, -43.312, 3.26456, 23.0459)
mesh = SubResource("QuadMesh_edt5q")
surface_material_override/0 = ExtResource("3_g4vep")

[node name="Forest4" type="MeshInstance3D" parent="."]
transform = Transform3D(-0.886745, 0, 0.462259, 0, 1, 0, -0.462259, 0, -0.886745, -21.4975, 3.26456, 42.6284)
mesh = SubResource("QuadMesh_edt5q")
surface_material_override/0 = ExtResource("3_g4vep")

[node name="Forest5" type="MeshInstance3D" parent="."]
transform = Transform3D(-0.834358, 0, -0.551223, 0, 1, 0, 0.551223, 0, -0.834358, 24.2741, 3.26456, 41.2889)
mesh = SubResource("QuadMesh_edt5q")
surface_material_override/0 = ExtResource("3_g4vep")

[node name="Forest6" type="MeshInstance3D" parent="."]
transform = Transform3D(-0.409429, 0, -0.912342, 0, 1, 0, 0.912342, 0, -0.409429, 43.2719, 3.26455, 19.5978)
mesh = SubResource("QuadMesh_edt5q")
surface_material_override/0 = ExtResource("3_g4vep")

[node name="Forest7" type="MeshInstance3D" parent="."]
transform = Transform3D(0.450207, 0, -0.892924, 0, 1, 0, 0.892924, 0, 0.450207, 41.5904, 3.26456, -22.9488)
mesh = SubResource("QuadMesh_edt5q")
surface_material_override/0 = ExtResource("3_g4vep")

[node name="Forest8" type="MeshInstance3D" parent="."]
transform = Transform3D(0.858396, 0, -0.512987, 0, 1, 0, 0.512987, 0, 0.858396, 20.9501, 3.26455, -43.7653)
mesh = SubResource("QuadMesh_edt5q")
surface_material_override/0 = ExtResource("3_g4vep")

[node name="Node3D" type="Node3D" parent="."]
transform = Transform3D(1, 0, 0, 0, 1, 0, 0, 0, 1, 0, 0, 42)
